s-generated	s-infered	s-var	low-CI	high-CI	maxLNL	s-LNL	h	Ne	sample	rep-id
0.045	0.0823790414157143	8.04532457178439e-05	0.06424099999999999	0.09746571428571428		-1.36822	0.09949285714285715	0.50	14000	10	2
0.025	0.05716480195546143	0.0007173900883113561	0.00491695	0.08898571428571428		-2.4980599999999997	0.057579571428571424	0.50	14000	10	6
0.035	0.07884129032857143	0.00010921143658330568	0.05615264285714285	0.09433928571428571		-1.62334	0.08589642857142857	0.50	14000	10	8
0.035	0.08173581511285714	9.626847029377088e-05	0.05710464285714286	0.09647857142857143		-0.0825742	0.09609214285714285	0.50	14000	10	10
0.035	0.08896859109714285	0.00010352113493673556	0.060424000000000005	0.10432785714285714		-2.25687	0.09290571428571429	0.50	14000	10	7
0.035	0.06993334637000001	0.00012743225000316023	0.04055	0.08659071428571428		-1.52394	0.08932571428571429	0.50	14000	10	6
0.045	0.0835136717942857	7.327687733089659e-05	0.06406692857142857	0.09765928571428571		-2.18161	0.08050428571428571	0.50	14000	10	1
0.005	0.005762364782535734	1.7684734776455157e-05	-0.0004694921428571428	0.013445785714285714		-8.441180000000001	0.009746642857142856	0.50	14000	10	2
0.005	0.001034609738469503	6.635373055447259e-06	-0.0022048642857142855	0.007564571428571428		-9.70261	0.009795071428571429	0.50	14000	10	1
0.005	0.0009058244259504914	1.1876448069804292e-05	-0.00331715	0.010606642857142856		-7.35043	-0.0002579957142857143	0.50	14000	10	9
0.035	0.07478683789428572	0.00011378744485384883	0.04436157142857143	0.08892357142857144		-1.35706	0.07930428571428572	0.50	14000	10	2
0.025	0.07523923935285715	0.00012964891800122812	0.04468257142857143	0.09053642857142857		-2.20954	0.07591428571428571	0.50	14000	10	10
0.015	0.005647342991176143	1.2170880100625843e-05	1.0593e-05	0.013388857142857143		-6.9214899999999995	0.014398214285714285	0.50	14000	10	10
0.015	0.012880860936714287	2.08248556302051e-05	0.005486392857142857	0.0223385		-6.3760900000000005	0.02149207142857143	0.50	14000	10	5
0.045	0.08463509269857143	0.00015774659079276332	0.05091714285714286	0.10259357142857142		-1.78656	0.09356214285714284	0.50	14000	10	3
0.025	0.08583834858771427	0.0002780924742570559	0.04417264285714285	0.11583428571428572		-5.07468	0.08222785714285714	0.50	14000	10	2
0.015	0.04553325923706878	0.000841399479303226	-0.00015805	0.084855		-3.04521	0.05917278571428571	0.50	14000	10	1
0.045	0.07740141531428571	0.00015034032997500232	0.05168021428571429	0.096075		-0.08040510000000001	0.09199642857142858	0.50	14000	10	5
0.035	0.07997555736885714	0.0001350933051277641	0.05576364285714286	0.0954407142857143		-1.52859	0.07764285714285714	0.50	14000	10	1
0.025	0.07495462147142858	8.55397410355248e-05	0.05172464285714286	0.08803785714285714		-1.86127	0.08397714285714286	0.50	14000	10	3
0.025	0.05445759665865572	0.0009269804968555814	0.0025258571428571426	0.09335357142857144		-2.71183	0.050472357142857145	0.50	14000	10	4
0.025	0.07720723094857143	6.227274283720379e-05	0.058633	0.08983571428571428		-2.11373	0.08227571428571429	0.50	14000	10	9
0.035	0.07994339370714287	6.556801569378866e-05	0.06456207142857143	0.09465428571428572		-1.7156900000000002	0.08987642857142857	0.50	14000	10	4
0.025	0.07648246218714286	7.6737629979826e-05	0.061203857142857136	0.09287571428571428		-4.4901599999999995	0.06677107142857143	0.50	14000	10	8
0.005	0.003824303253004706	3.833182972178777e-05	-0.0018349214285714286	0.020687857142857143		-7.40839	0.013347357142857143	0.50	14000	10	6
0.005	0.002601425895153057	1.004879602604974e-05	-0.001129	0.0104265		-10.4956	0.009479357142857144	0.50	14000	10	4
0.015	0.0095962616449587	0.00010674725760443793	-0.00020572428571428574	0.04456578571428571		-5.53034	0.01675042857142857	0.50	14000	10	8
0.015	0.027226141927915	0.0005955225753407875	0.002891407142857143	0.06859599999999999		-5.916	0.019173285714285712	0.50	14000	10	4
0.035	0.07253181285	0.000249329741951892	0.03013057142857143	0.09423999999999999		-1.48014	0.09064571428571429	0.50	14000	10	5
0.015	0.038147565227403445	0.0009500267743281883	0.0005982871428571429	0.07998428571428572		-5.37309	0.021048928571428573	0.50	14000	10	2
0.045	0.07881345200857143	7.898509812754326e-05	0.06100835714285714	0.09581785714285715		-0.0632036	0.08468357142857143	0.50	14000	10	6
0.025	0.05561010571428352	0.0010208286060154122	0.000328435	0.09241714285714285		-4.1611199999999995	0.026931285714285717	0.50	14000	10	7
0.045	0.07596051301285715	4.6195764257761034e-05	0.06284071428571428	0.08908928571428572		-0.0839153	0.08778285714285715	0.50	14000	10	4
0.015	0.051672879978912005	0.0015808540559397084	0.0005564164285714286	0.10021571428571428		-6.264130000000001	0.03770814285714286	0.50	14000	10	6
0.005	0.005469374207320544	2.2967418806191735e-05	-0.0008294214285714286	0.014435357142857142		-8.69604	0.010643785714285715	0.50	14000	10	7
0.005	0.006001487800565401	7.201256976118481e-05	-0.0009997071428571429	0.03034035714285714		-8.787930000000001	0.010230571428571427	0.50	14000	10	10
0.015	0.028164586077970424	0.0009008976694767437	0.0015554999999999998	0.09035285714285715		-3.9570300000000005	0.028172214285714287	0.50	14000	10	9
0.045	0.08377661733571429	7.112517061219673e-05	0.06467992857142857	0.09738142857142856		-0.0848682	0.08827785714285714	0.50	14000	10	7
0.045	0.06787519943142857	0.00019068290814486285	0.03836478571428571	0.08863428571428572		-0.06942050000000001	0.08847928571428572	0.50	14000	10	10
0.015	0.00447731573146602	1.0958600990620545e-05	-0.0003435064285714286	0.01168742857142857		-7.417660000000001	0.009812	0.50	14000	10	3
0.005	0.005365751613417783	5.248601111934748e-05	-0.0014724214285714286	0.02330792857142857		-7.44918	0.007840571428571428	0.50	14000	10	5
0.025	0.07778824179571428	0.00016726867054314785	0.03803878571428571	0.09596571428571428		-3.4794300000000002	0.04058092857142857	0.50	14000	10	5
0.025	0.08046877280285715	7.599848815530947e-05	0.06282542857142857	0.09728785714285713		-3.09532	0.06621314285714285	0.50	14000	10	1
0.015	0.02154862789105529	0.0007892183154206765	7.5515000000000005e-06	0.08537928571428571		-5.82461	0.011566928571428572	0.50	14000	10	7
0.005	0.0016968162076339429	1.2715060772504128e-05	-0.0018024214285714284	0.012421999999999999		-7.62373	0.008877642857142858	0.50	14000	10	3
0.045	0.07148593165571428	0.0002422424784653805	0.032542999999999996	0.09686571428571428		-1.55018	0.09045785714285715	0.50	14000	10	9
0.045	0.07793512826571429	5.9439893144360185e-05	0.05929492857142857	0.09074428571428572		-1.53831	0.08679142857142856	0.50	14000	10	8
0.005	0.0007460811020901142	1.99246295085128e-05	-0.0037937142857142852	0.010204928571428571		-7.951039999999999	0.0265695	0.50	14000	10	8
0.035	0.08916428457142858	5.2832153615036495e-05	0.07588214285714286	0.10426357142857143		-2.23747	0.08959857142857143	0.50	14000	10	3
0.035	0.07309753961428571	0.00016004030922490338	0.04209157142857142	0.09237785714285714		-1.9954	0.07516785714285713	0.50	14000	10	9
