s-generated	s-infered	s-var	low-CI	high-CI	maxLNL	s-LNL	h	Ne	sample	rep-id
0.035	0.0845564651	8.632549382601198e-05	0.058108857142857136	0.09874071428571428		-5.671880000000001	0.08664999999999999	0.50	14000	10	7
0.025	0.046496623819511945	0.0008571361201705519	-2.13555e-05	0.07937642857142857		-9.78837	0.026605285714285713	0.50	14000	10	8
0.015	0.036974188999	0.0006371248531432832	0.006709864285714286	0.08235642857142857		-14.4029	0.028466	0.50	14000	10	9
0.015	0.01851189878511	0.0001308715383643789	0.0033085285714285714	0.05529314285714285		-10.7349	0.019406785714285713	0.50	14000	10	4
0.015	0.023857997024571427	0.0002340807868050882	0.0070454714285714285	0.056268571428571425		-7.388719999999999	0.036246	0.50	14000	10	3
0.005	0.006365808741230875	0.00016490626708070495	-0.0032307428571428575	0.04411757142857142		-11.6092	0.04095085714285714	0.50	14000	10	1
0.045	0.08719479940142857	7.36378773777299e-05	0.07023678571428572	0.10211357142857143		-7.42255	0.08481785714285714	0.50	14000	10	6
0.025	0.04397996722985714	0.00048743622981483296	0.007316214285714286	0.07668357142857142		-7.15791	0.03766642857142857	0.50	14000	10	7
0.005	0.0013752391378223686	3.475713710267781e-05	-0.0043012785714285715	0.018431714285714287		-12.5494	-0.0015899428571428571	0.50	14000	10	8
0.025	0.05421050467714286	0.000972070278012099	0.006965099999999999	0.0954192857142857		-8.62089	0.05294742857142856	0.50	14000	10	4
0.015	0.01649786488742857	5.25089534641093e-05	0.0071561428571428574	0.035607428571428575		-8.01099	0.03758585714285714	0.50	14000	10	2
0.035	0.07534368967714286	0.00020403535529315783	0.04316721428571429	0.095575		-4.68881	0.09237714285714285	0.50	14000	10	4
0.005	0.0004367367607240129	1.7837095403582873e-05	-0.005138357142857142	0.00882407142857143		-12.3389	-0.0013837285714285714	0.50	14000	10	5
0.045	0.07982991613000001	0.00020893681235723365	0.03932242857142857	0.098715		-4.19278	0.09482285714285714	0.50	14000	10	7
0.025	0.06533443318571429	0.00012543809990095344	0.0425345	0.08359857142857144		-5.5644	0.05153892857142857	0.50	14000	10	9
0.015	0.023427720568308576	0.00012094947237415883	0.00366885	0.04292835714285714		-6.06709	0.040917857142857145	0.50	14000	10	1
0.035	0.07714405870142857	0.00011625161368259668	0.05562857142857142	0.09539357142857142		-5.344119999999999	0.09071357142857144	0.50	14000	10	3
0.025	0.05011281039185714	0.0007347848803168183	0.0054614071428571425	0.09264214285714285		-8.22991	0.055945357142857144	0.50	14000	10	5
0.025	0.0539628812323894	0.0008457877609422757	0.0010052214285714285	0.08827428571428571		-8.049660000000001	0.0712765	0.50	14000	10	10
0.035	0.07190790029714286	0.00013742105400050956	0.04629871428571429	0.08920357142857142		-5.37055	0.08317928571428572	0.50	14000	10	9
0.005	0.006486266548779072	1.2816739918356237e-05	-0.00020788	0.012524785714285716		-16.1746	0.013106857142857142	0.50	14000	10	10
0.045	0.07655038886	0.0001368902669163199	0.051174785714285714	0.09417214285714286		-3.7440599999999997	0.09750642857142856	0.50	14000	10	2
0.045	0.08725462368857141	3.803014139526353e-05	0.07543714285714286	0.09881857142857144		-3.71434	0.08320928571428572	0.50	14000	10	5
0.045	0.07602831919285714	0.00015187576044813864	0.05329257142857143	0.09933928571428571		-3.8873	0.07187142857142857	0.50	14000	10	10
0.035	0.07066857417	0.00010091802654120768	0.049078	0.08985142857142858		-5.38831	0.06839392857142856	0.50	14000	10	6
0.015	0.02438622912351857	0.0003440528540567218	0.005760228571428571	0.06665821428571429		-10.6256	0.022394714285714285	0.50	14000	10	5
0.005	0.01375885638062918	0.00014160951977168506	-0.0014856857142857144	0.037612		-10.7436	0.024880785714285713	0.50	14000	10	7
0.045	0.08255351511999999	9.33621408584561e-05	0.06426407142857143	0.09965500000000001		-3.84766	0.09398285714285715	0.50	14000	10	1
0.025	0.06586328855885715	0.00042408425372702846	0.020231214285714286	0.0956		-12.4282	0.02243435714285714	0.50	14000	10	6
0.025	0.06703112136571428	0.00018914875752826173	0.03618885714285714	0.09304214285714285		-5.5475	0.07066835714285714	0.50	14000	10	1
0.035	0.0808686730442857	0.00014345249998568347	0.0532095	0.09931285714285715		-5.5324800000000005	0.07172357142857143	0.50	14000	10	10
0.005	0.009593513998201427	1.2196945594507162e-05	0.002785607142857143	0.017031428571428572		-18.6231	0.013082285714285715	0.50	14000	10	6
0.015	0.025238188615714283	0.00023081065418320996	0.008118142857142857	0.06791014285714285		-8.46694	0.02991578571428571	0.50	14000	10	8
0.045	0.0808544636957143	8.199118660223968e-05	0.06119442857142857	0.09567357142857143		-4.13564	0.08114571428571428	0.50	14000	10	4
0.035	0.08033736170714284	0.00011820520649087623	0.059322	0.0985		-5.48034	0.06311521428571429	0.50	14000	10	5
0.035	0.07350031801714285	0.0003393974746413377	0.03154957142857143	0.09676714285714286		-5.32472	0.08252214285714285	0.50	14000	10	2
0.045	0.08463164493714284	4.298469996245003e-05	0.07196857142857142	0.09706214285714285		-5.32166	0.08550071428571429	0.50	14000	10	3
0.005	0.011448182848314814	4.403320708786418e-05	-0.0004977521428571429	0.024118142857142855		-20.3832	0.0177725	0.50	14000	10	9
0.025	0.07958867095285714	0.00018279853920424012	0.051622214285714285	0.10028642857142857		-5.27053	0.06833435714285714	0.50	14000	10	3
0.005	0.0025385263785066003	1.709643652619395e-05	-0.0020427142857142857	0.013443357142857142		-19.0946	0.011761642857142856	0.50	14000	10	2
0.045	0.07237192062	0.00015645402111283372	0.0450265	0.0921692857142857		-4.2866	0.09696357142857143	0.50	14000	10	9
0.015	0.018237518780142858	3.2321048411282034e-05	0.008996	0.03170357142857143		-11.7046	0.019822642857142858	0.50	14000	10	6
0.005	0.0039356078969657714	4.996505027269484e-05	-0.0024413642857142857	0.02353685714285714		-14.5498	0.011473357142857143	0.50	14000	10	4
0.015	0.0158639895598829	0.0003146010986014242	-0.0002717721428571428	0.06749271428571428		-9.89829	0.029775857142857142	0.50	14000	10	10
0.025	0.06195951339571428	0.0003509115441954103	0.01943442857142857	0.08512142857142857		-10.6178	0.024555142857142855	0.50	14000	10	2
0.015	0.021195518671	0.00011749040472192632	0.010024357142857144	0.051769		-11.4623	0.023607928571428568	0.50	14000	10	7
0.005	0.006895408494822843	5.356395218630597e-05	-0.0007478571428571429	0.0312215		-19.6497	0.009468142857142857	0.50	14000	10	3
0.045	0.0829058326157143	0.00010487653484814261	0.059894642857142855	0.10129928571428572		-3.99701	0.09492	0.50	14000	10	8
0.035	0.08147752450142857	0.00010177980030255258	0.061240071428571435	0.09846214285714286		-5.47613	0.06772664285714286	0.50	14000	10	1
0.035	0.08083575537714285	0.00012527129572994142	0.054547	0.09997571428571429		-4.95376	0.08698428571428571	0.50	14000	10	8
