s-generated	s-infered	s-var	low-CI	high-CI	maxLNL	s-LNL	h	Ne	sample	rep-id
0.005	0.05238103915322745	0.0011992159251955792	0.0010640973451327433	0.11585221238938054		-6.058590000000001	0.007023530973451327	0.50	11300	10	8
0.005	0.0034708945678554337	6.326145018530045e-06	-0.00035273716814159293	0.009051061946902654		-5.08448	0.0061883716814159296	0.50	11300	10	7
0.045	0.05492281284247788	2.240380734589198e-05	0.04553008849557522	0.06412389380530974		-1.7894599999999998	0.055775132743362835	0.50	11300	10	8
0.005	0.03599669755827338	0.0016151594706816795	-0.0005505575221238938	0.14034336283185841		-7.1998	0.004123256637168142	0.50	11300	10	4
0.035	0.05315344969734514	5.2127972156331534e-05	0.03688327433628319	0.06427823008849556		-0.0517255	0.0507483185840708	0.50	11300	10	7
0.025	0.05421812770973452	4.692125213305008e-05	0.039881327433628315	0.06748150442477877		-0.0543452	0.0653195575221239	0.50	11300	10	4
0.045	0.05516834517168141	2.6730540235410362e-05	0.0443916814159292	0.06484327433628317		-0.04815030000000001	0.05812088495575222	0.50	11300	10	7
0.035	0.056075014223008854	2.6626759300283736e-05	0.045004424778761064	0.06561911504424779		-1.7525099999999998	0.058008938053097356	0.50	11300	10	3
0.025	0.059365305883185844	2.0910546939739692e-05	0.05082477876106195	0.06888849557522124		-0.0321778	0.061922831858407086	0.50	11300	10	1
0.025	0.05698980729557522	1.4728483609969738e-05	0.049491327433628315	0.06443150442477877		-0.0380381	0.06331221238938053	0.50	11300	10	2
0.015	0.05405781352035398	3.277904025030223e-05	0.03991327433628319	0.06320699115044247		-0.05120369999999999	0.06236787610619469	0.50	11300	10	8
0.045	0.05432751633097345	4.614134697411761e-05	0.0414383185840708	0.0661504424778761		-0.041964999999999995	0.06168557522123894	0.50	11300	10	6
0.045	0.057539756546902666	2.697274427882409e-05	0.046408318584070796	0.06675345132743363		-0.044540300000000005	0.057802212389380526	0.50	11300	10	9
0.015	0.05463516552743364	2.4467360212421097e-05	0.04562221238938052	0.06446637168141593		-1.7258799999999999	0.05879336283185841	0.50	11300	10	1
0.025	0.05421608351858406	1.896430424703804e-05	0.04515469026548673	0.062126106194690264		-0.0538207	0.059455309734513274	0.50	11300	10	7
0.015	0.053725191723893805	3.298396349341228e-05	0.042077256637168145	0.06388265486725662		-1.51922	0.06097522123893805	0.50	11300	10	9
0.045	0.055859783858407085	3.378339397415971e-05	0.04467141592920354	0.06715424778761063		-1.73383	0.05659796460176991	0.50	11300	10	3
0.015	0.05513178915044247	3.957749571153297e-05	0.04116513274336283	0.06613893805309734		-1.92795	0.05725336283185841	0.50	11300	10	3
0.005	0.06040517272389381	0.00027643314229901825	0.0412929203539823	0.10044513274336284		-6.9054199999999994	0.04938920353982301	0.50	11300	10	9
0.025	0.05323750038938053	3.084073171708873e-05	0.04100946902654867	0.06293938053097345		-0.051185699999999994	0.05989840707964601	0.50	11300	10	6
0.025	0.05603063339115044	1.7779935644790195e-05	0.04750495575221239	0.06406451327433628		-0.0499744	0.05412964601769911	0.50	11300	10	9
0.045	0.05373066349203541	2.7242899371633554e-05	0.043214336283185835	0.06367690265486725		-0.0633537	0.05356097345132744	0.50	11300	10	1
0.025	0.05299296337168142	4.258937402718582e-05	0.03778371681415929	0.06322132743362832		-0.054185699999999996	0.05171318584070797	0.50	11300	10	3
0.015	0.05344470604424779	2.4851677441461343e-05	0.0438787610619469	0.06305725663716814		-1.72907	0.061567168141592916	0.50	11300	10	4
0.015	0.0558408998159292	2.0940941807043855e-05	0.047064159292035404	0.06516283185840709		-1.82428	0.06187176991150443	0.50	11300	10	10
0.015	0.053811330748672566	1.91707727660721e-05	0.04505637168141592	0.06190867256637168		-2.81385	0.046992566371681414	0.50	11300	10	2
0.005	0.003123330598798557	7.019736611512009e-06	-0.0004461451327433629	0.008959734513274337		-4.75234	0.006423504424778761	0.50	11300	10	6
0.035	0.05321915253628318	2.457150290832124e-05	0.043447787610619466	0.06366893805309734		-1.7097200000000001	0.05984353982300885	0.50	11300	10	2
0.015	0.052913137338053105	2.175990560010001e-05	0.04357460176991151	0.06176106194690265		-0.050729199999999995	0.0585924778761062	0.50	11300	10	6
0.035	0.052678275116814166	3.3358070907723135e-05	0.04009318584070797	0.06299221238938053		-0.0386154	0.05996309734513275	0.50	11300	10	4
0.005	0.024659046617307744	0.0006071735404060263	0.0005181026548672567	0.06253424778761062		-6.39085	0.0077350442477876116	0.50	11300	10	2
0.005	0.014864057856169875	0.00039448830031130774	-0.00041652389380530974	0.05082265486725663		-4.94361	0.00822146017699115	0.50	11300	10	10
0.035	0.05756138060707964	1.7854441324378116e-05	0.049603628318584066	0.0664774336283186		-1.5600100000000001	0.056778584070796466	0.50	11300	10	10
0.035	0.05573206452920353	2.636153502370432e-05	0.04542353982300885	0.06529274336283186		-0.051810699999999994	0.06240504424778761	0.50	11300	10	5
0.045	0.055966685159292026	2.620403265545216e-05	0.04500814159292035	0.06528663716814159		-1.80395	0.05393601769911504	0.50	11300	10	10
0.035	0.055088755205309724	2.9018435706914784e-05	0.043038141592920354	0.06445371681415929		-0.05610459999999999	0.05626548672566371	0.50	11300	10	9
0.045	0.053697697415929196	4.184080247074118e-05	0.041441327433628314	0.06575725663716814		-0.052771500000000006	0.06597637168141593	0.50	11300	10	5
0.005	0.03103530412523458	0.0005242798602527292	8.573522123893805e-06	0.058432920353982294		-4.95351	0.006364230088495576	0.50	11300	10	1
0.005	0.001982444238293628	6.417366326432355e-06	-0.0011575044247787612	0.008098663716814159		-5.50444	0.011888141592920355	0.50	11300	10	3
0.035	0.0685890919522124	0.0008370308619334216	0.041168849557522126	0.13654159292035398		-0.054638	0.06622557522123894	0.50	11300	10	6
0.015	0.05132577735929203	4.732735597816516e-05	0.036876991150442476	0.06280061946902654		-0.0488681	0.05349141592920354	0.50	11300	10	5
0.035	0.05627992664070795	3.465164630001587e-05	0.043807079646017696	0.06695601769911505		-0.0499427	0.05747300884955753	0.50	11300	10	8
0.025	0.06288209034513276	0.0002627042817292445	0.04531681415929204	0.10364778761061948		-0.0434078	0.05813442477876106	0.50	11300	10	10
0.045	0.0533835557539823	1.9351667913272844e-05	0.0447724778761062	0.06204353982300885		-0.0431149	0.06095646017699115	0.50	11300	10	2
0.005	0.0019927830607751416	3.2514894836593857e-06	-0.0005388398230088496	0.00618412389380531		-5.730519999999999	0.007735991150442478	0.50	11300	10	5
0.025	0.05618013465663717	2.9849742050713307e-05	0.04591150442477876	0.06689991150442477		-0.0435857	0.06045300884955752	0.50	11300	10	8
0.045	0.05562853684424779	3.622692174958658e-05	0.044476106194690265	0.06787194690265487		-0.0422036	0.06904796460176992	0.50	11300	10	4
0.025	0.05616130831327433	1.6697022071617076e-05	0.04794884955752213	0.06394061946902654		-0.0457233	0.06154548672566371	0.50	11300	10	5
0.035	0.056412085469026554	3.2615960896579284e-05	0.04482769911504425	0.06764637168141593		-0.0525275	0.062414424778761066	0.50	11300	10	1
0.015	0.05296250807433629	4.522333619022443e-05	0.03828061946902655	0.06409371681415928		-0.043807900000000004	0.06095548672566372	0.50	11300	10	7
