s-generated	s-infered	s-var	low-CI	high-CI	maxLNL	s-LNL	h	Ne	sample	rep-id
0.025	0.049226195741592926	8.123779829719092e-05	0.027784070796460177	0.06265176991150442		-0.0514215	0.05283893805309735	0.50	11300	10	5
0.015	0.05442547150088495	2.16122180529995e-05	0.04528230088495575	0.0633087610619469		-2.19789	0.06101530973451328	0.50	11300	10	5
0.035	0.05571124495044248	1.7736349889949354e-05	0.04738575221238939	0.0640020353982301		-1.6841	0.05448265486725664	0.50	11300	10	3
0.035	0.054410878523893806	2.6893179407316218e-05	0.04446	0.06486477876106195		-0.049680400000000006	0.05627805309734513	0.50	11300	10	10
0.005	0.027398421394445205	0.0006419294155926136	-0.00012123451327433628	0.06094920353982302		-6.2034	0.0061903805309734515	0.50	11300	10	7
0.025	0.052382838507964595	3.708810703119046e-05	0.039941946902654867	0.06308982300884955		-1.76528	0.05133628318584071	0.50	11300	10	9
0.045	0.05480768665663717	4.340841857695076e-05	0.04305088495575221	0.067269203539823		-0.04253	0.06556557522123894	0.50	11300	10	5
0.025	0.05797849425309734	8.712997691577322e-05	0.04245371681415929	0.08012929203539823		-0.057373	0.06611017699115043	0.50	11300	10	4
0.005	0.013622225119675105	0.0005382920961074056	-0.00035329911504424784	0.0658767256637168		-8.11823	0.006312176991150443	0.50	11300	10	8
0.005	0.01627530980285291	0.0010575904524554606	-0.0006215451327433629	0.09781769911504425		-6.08666	0.004417141592920354	0.50	11300	10	5
0.045	0.05595582437522124	1.6308590757876852e-05	0.04759380530973451	0.0635570796460177		-0.037442800000000005	0.056697787610619464	0.50	11300	10	7
0.015	0.054810982021238935	2.2384591910039016e-05	0.0455524778761062	0.06380185840707965		-2.20105	0.06125646017699115	0.50	11300	10	1
0.025	0.06714926761061947	0.0008327152215994086	0.042825309734513275	0.13934424778761062		-0.03366	0.05292725663716814	0.50	11300	10	2
0.035	0.057193437605309726	2.678822647628719e-05	0.04698557522123894	0.06752389380530974		-0.06198580000000001	0.06245628318584071	0.50	11300	10	8
0.015	0.05489129095575221	1.8246915288556936e-05	0.046134159292035404	0.06281654867256638		-0.042016500000000005	0.0621024778761062	0.50	11300	10	3
0.005	0.04745481826465264	0.0005874684393325717	0.0012427610619469027	0.07738159292035397		-5.64693	0.0057766017699115045	0.50	11300	10	2
0.025	0.05431644814690266	2.2072180632152856e-05	0.04488938053097345	0.06334230088495575		-1.7963799999999999	0.05366230088495575	0.50	11300	10	7
0.035	0.0540730291238938	2.221706531268172e-05	0.04306628318584071	0.06247044247787611		-0.0379728	0.05860238938053097	0.50	11300	10	2
0.045	0.05338717439646018	2.343708657074233e-05	0.04382477876106195	0.062328141592920355		-1.81018	0.05054681415929203	0.50	11300	10	3
0.005	0.05010600886546601	0.00027001477425643355	0.0005042522123893806	0.0668054867256637		-8.60068	0.052708761061946906	0.50	11300	10	3
0.035	0.05574933420530973	2.456661601337445e-05	0.04689398230088495	0.06611035398230089		-0.0465839	0.052140973451327434	0.50	11300	10	6
0.005	0.0754211663466541	0.009461242192594914	-0.00038407522123893803	0.27698141592920356		-6.0160800000000005	0.005292734513274336	0.50	11300	10	10
0.035	0.05544319319469026	3.455972814026532e-05	0.042330530973451325	0.06567982300884956		-0.0436913	0.06188858407079646	0.50	11300	10	5
0.015	0.07033185230375222	0.0017585021255304024	0.037317964601769914	0.17111061946902653		-4.4089599999999995	0.010451946902654868	0.50	11300	10	2
0.045	0.05391316947787611	2.3592495035870112e-05	0.04383796460176991	0.06302699115044248		-0.0464527	0.05114920353982301	0.50	11300	10	9
0.005	0.012011156157616285	0.0003017237860898707	0.0004964619469026548	0.052581504424778755		-5.68709	0.004019061946902654	0.50	11300	10	1
0.045	0.05783290943893806	1.888661072335463e-05	0.048328849557522126	0.06587911504424779		-1.49492	0.06346115044247788	0.50	11300	10	1
0.025	0.05177575198761062	2.600417688182234e-05	0.040492300884955756	0.0605212389380531		-0.0449994	0.04990008849557522	0.50	11300	10	1
0.035	0.05725733093097346	2.6085132777322677e-05	0.046234690265486725	0.06649893805309734		-0.0391183	0.05340619469026549	0.50	11300	10	9
0.015	0.05045738798938053	4.6526620110619085e-05	0.030909380530973453	0.06040752212389381		-3.2075099999999996	0.02643274336283186	0.50	11300	10	8
0.045	0.05203541939823009	2.5840171367682523e-05	0.04057477876106195	0.06136814159292036		-0.0569304	0.05980159292035399	0.50	11300	10	10
0.015	0.05341892059469027	3.0265937499430076e-05	0.042287168141592925	0.06342442477876106		-2.2558700000000003	0.05999982300884956	0.50	11300	10	7
0.035	0.053778446299115046	2.525392488571341e-05	0.04371469026548672	0.06355761061946903		-0.0638194	0.05969274336283186	0.50	11300	10	7
0.025	0.055884986240707965	3.451072287103276e-05	0.041367079646017706	0.06583911504424779		-0.0422207	0.06495477876106194	0.50	11300	10	3
0.045	0.05319464512566372	2.392497383666851e-05	0.042422477876106195	0.06234451327433629		-0.06698330000000001	0.05664761061946903	0.50	11300	10	8
0.005	0.058510470794690274	0.00016515632333548595	0.04246964601769911	0.08982035398230089		-6.90336	0.048590884955752214	0.50	11300	10	9
0.045	0.05388252930619469	2.559192875394146e-05	0.04408743362831859	0.06383477876106196		-1.8478	0.05644610619469027	0.50	11300	10	6
0.045	0.04975226158930687	0.0003646169308934301	0.0003690309734513274	0.06744814159292035		-0.0395026	0.06094442477876107	0.50	11300	10	2
0.015	0.08857165649380531	0.003979532693029384	0.04679238938053098	0.23004424778761062		-2.63683	0.05962008849557522	0.50	11300	10	9
0.035	0.055005776976991154	2.344976048070738e-05	0.04516663716814159	0.06371831858407079		-0.054291599999999995	0.047495663716814164	0.50	11300	10	4
0.015	0.054782930865486724	2.4285150303013825e-05	0.042893362831858406	0.06341150442477876		-1.7826099999999998	0.04699079646017699	0.50	11300	10	10
0.035	0.05296448725486726	2.6417492897050145e-05	0.041935398230088496	0.062260884955752216		-0.0425836	0.055418495575221244	0.50	11300	10	1
0.005	0.02044696898956933	0.00050679044960167	-7.224716814159292e-05	0.05732646017699115		-7.48055	0.0036740442477876108	0.50	11300	10	6
0.005	0.008984719815284524	0.0002576382679882802	-0.0006515743362831858	0.04918725663716814		-6.26086	0.00813512389380531	0.50	11300	10	4
0.015	0.051966695026548666	3.493242503684646e-05	0.03990053097345132	0.06299053097345132		-0.0547052	0.04286513274336283	0.50	11300	10	6
0.045	0.05775579170265486	2.9273615791586487e-05	0.046696814159292034	0.0695261946902655		-0.0543236	0.05911336283185842	0.50	11300	10	4
0.025	0.05504947199469026	4.641457119734434e-05	0.043782123893805314	0.07180026548672568		-0.0572716	0.05093238938053097	0.50	11300	10	8
0.025	0.05441028377345133	2.3314522407028136e-05	0.044549557522123896	0.06319132743362832		-0.056223199999999994	0.05877327433628319	0.50	11300	10	10
0.025	0.05708916226548673	3.2881852737796485e-05	0.04417407079646017	0.06693557522123894		-1.81313	0.05276601769911504	0.50	11300	10	6
0.015	0.05317029031150443	2.3256151006001007e-05	0.04179327433628319	0.06146477876106195		-1.45912	0.057334247787610614	0.50	11300	10	4
