s-generated	s-infered	s-var	low-CI	high-CI	maxLNL	s-LNL	h	Ne	sample	rep-id
0.015	0.0005725106193840191	5.29297622256357e-05	-0.00440592	0.007776560000000001		-4.25915	-2.513528e-05	0.50	25000	10	9
0.025	0.0392341879504	0.00011155782649547182	0.02167312	0.0622592		-8.185260000000001	0.050101599999999996	0.50	25000	10	6
0.015	-49.356609889051384	6164.298865680381	-217.44181818181818	0.10920181818181819		-5.03686	8.01990909090909e-05	0.50	55000	10	6
0.025	0.089718760968	0.00034246966758468906	0.057896	0.1241432		-7.9046899999999996	0.062822	0.50	25000	10	7
0.025	0.052972624378181815	0.00012988974775600157	0.03545981818181818	0.0725570909090909		-11.0394	0.037372363636363634	0.50	55000	10	1
0.025	0.052088619714202034	0.0007486345799603276	-0.0004617054545454545	0.08156018181818182		-10.4662	0.06066890909090909	0.50	55000	10	2
0.005	0.0008742434499512881	0.00012179761587658577	-0.00427084	0.0074922		-1.2131	0.0002165308	0.50	25000	10	4
0.015	0.01723301207208992	0.0006499785029149098	-0.0009565163636363637	0.0752129090909091		-7.9758	0.051683454545454546	0.50	55000	10	7
0.025	-19.40636243237818	1969.0753400003011	-146.24054545454544	0.09778836363636363		-10.7939	0.056621454545454544	0.50	55000	10	4
0.005	0.00026007348919210765	2.1562360821930397e-05	-0.0021687636363636365	0.0037669272727272724		-4.3002	-0.00037386363636363637	0.50	55000	10	9
0.015	0.0692774609152514	0.001833071865588117	-0.0005920527272727272	0.11170727272727272		-7.6287899999999995	0.07060345454545455	0.50	55000	10	4
0.025	0.0781801279344	0.00044710308779144443	0.0419224	0.1257064		-8.88879	0.0598828	0.50	25000	10	9
0.025	0.093776524456	0.00038463093448805487	0.055348	0.1268972		-9.66413	0.0633608	0.50	25000	10	2
0.025	0.04326655448826693	0.0005156222325785052	-5.0255599999999994e-05	0.0758468		-11.4106	0.03212572	0.50	25000	10	8
0.025	0.08012016897454546	0.0008810599827342627	0.03313381818181818	0.14106654545454544		-8.206339999999999	0.061884545454545456	0.50	55000	10	5
0.005	0.004571322057667053	0.0010949916375372945	-0.002230090909090909	0.017068436363636363		-1.74479	5.8700727272727274e-05	0.50	55000	10	4
0.015	0.016411856827677807	0.000646347108037493	-0.0012904527272727274	0.06863090909090909		-8.82452	0.022135454545454545	0.50	55000	10	9
0.015	0.0002597395351391048	1.3072273557947329e-05	-0.0024951636363636366	0.003977218181818182		-5.11453	-0.00021377999999999998	0.50	55000	10	2
0.015	0.006525088827214169	0.0010697867502198794	-0.00483528	0.14445639999999998		-5.39271	0.00029841	0.50	25000	10	6
0.015	0.00012153440240914499	5.3990665988774325e-05	-0.00487176	0.00587964		-1.52233	-0.0007673399999999999	0.50	25000	10	8
0.005	0.00015989209443475027	3.332529358184494e-05	-0.005026319999999999	0.0056764400000000005		-1.03052	0.000282394	0.50	25000	10	3
0.025	0.07877679338640001	0.0006592005968819128	0.03613548	0.12354		-7.06378	0.06848800000000001	0.50	25000	10	1
0.015	0.0022333977690410546	0.00016311153036074758	-0.00427544	0.0408604		-6.77262	0.09875	0.50	25000	10	2
0.025	0.060636495552727286	0.00015800697577045	0.042328363636363636	0.08348599999999999		-10.8516	0.045202	0.50	55000	10	7
0.005	0.00027759925256812165	7.965951235064996e-05	-0.00528684	0.0064826		-1.06805	0.001313028	0.50	25000	10	7
0.015	8.834387718856796e-05	0.00011700072566594358	-0.00477948	0.00797004		-3.33256	-0.0011775400000000001	0.50	25000	10	4
0.005	-28.46956220117839	4486.269294912548	-215.3309090909091	0.004466290909090909		-4.6609300000000005	8.633072727272728e-05	0.50	55000	10	5
0.015	0.026556591278297036	0.002508240532972293	-0.0015320854545454545	0.147218		-9.13906	-0.0003910145454545455	0.50	55000	10	8
0.005	0.0003221772162120727	2.0272694642857133e-05	-0.0020524727272727273	0.0033848181818181815		-4.44456	2.346309090909091e-05	0.50	55000	10	2
0.025	0.06792945991999999	0.0004514382569934406	0.0428116	0.12218879999999999		-9.2785	0.047624	0.50	25000	10	4
0.015	0.053437161995921606	0.0012431585868924121	-0.00035414727272727275	0.11617072727272727		-7.368119999999999	0.00010846072727272727	0.50	55000	10	1
0.005	0.000218311384479708	3.422510853729801e-05	-0.00429544	0.006570319999999999		-4.4855599999999995	-9.75184e-06	0.50	25000	10	2
0.005	0.00043517626854877107	4.481034622881169e-05	-0.00415548	0.00708924		-2.60625	-0.00048542	0.50	25000	10	9
0.015	0.027675748672157007	0.001182416930240928	-0.0014866927272727272	0.08528690909090908		-8.28471	0.05228309090909091	0.50	55000	10	5
0.005	-0.0008038080350402982	0.00016214022408557097	-0.003660563636363636	0.0036302545454545455		-1.37364	0.00018798727272727273	0.50	55000	10	3
0.005	0.0008766801258633224	7.441693033220929e-05	-0.00445952	0.01201096		-2.32903	5.1958e-05	0.50	25000	10	8
0.005	0.0011300294505195221	7.910479683797502e-05	-0.0019295636363636365	0.010637327272727273		-6.67095	-0.00024828000000000003	0.50	55000	10	6
0.015	0.03082442327554965	0.0016636825105888092	-0.002078424	0.115876		-8.74134	-0.000595232	0.50	25000	10	10
0.025	0.06957498184639999	0.00031295668177983954	0.03800884	0.11039040000000001		-8.74515	0.041436	0.50	25000	10	5
0.005	0.00057633255419064	6.900930946200319e-05	-0.00472048	0.0081834		-1.12655	-0.0017469839999999998	0.50	25000	10	1
0.025	0.07428425682181818	0.00018494181201734932	0.047055454545454546	0.10037563636363636		-10.9049	0.06533945454545455	0.50	55000	10	8
0.025	0.08521695746909091	0.0002023693070884188	0.04852636363636363	0.10315163636363636		-8.98668	0.08737472727272727	0.50	55000	10	9
0.025	0.04714672479272728	0.00010816700727611425	0.02828363636363636	0.06625418181818182		-8.50026	0.047702	0.50	55000	10	10
0.015	0.02411418157204865	0.002353340069204375	-0.003555144	0.1438712		-5.59808	0.00556252	0.50	25000	10	3
0.015	0.027801345502034683	0.0014345481069104249	-0.002783392	0.105874		-6.532780000000001	-0.0003628388	0.50	25000	10	5
0.015	0.019624296888448252	0.001580079396279076	-0.0031848719999999996	0.1287044		-7.9755	0.13277719999999998	0.50	25000	10	1
0.005	0.00022703722264029674	7.724572097086842e-06	-0.001956290909090909	0.0035859999999999998		-6.09593	-5.911454545454545e-05	0.50	55000	10	7
0.005	0.040175789241786976	0.026349419312345784	-0.002206072727272727	0.7091618181818182		-3.4468099999999997	0.45628363636363634	0.50	55000	10	1
0.025	0.06424172716363637	0.00021223131974989118	0.035939818181818184	0.08609163636363636		-9.4762	0.07154163636363636	0.50	55000	10	3
0.005	0.00228679469256668	0.00017961856104559175	-0.0049245999999999995	0.0521872		-3.61315	-0.000700732	0.50	25000	10	5
0.015	0.025035784276379158	0.003051038243986974	-0.0029766	0.14972945454545455		-6.35698	0.15823781818181817	0.50	55000	10	10
0.025	0.06492959856640002	0.0005142929382203021	0.02755364	0.10704559999999999		-9.393469999999999	0.0565928	0.50	25000	10	10
0.005	0.006243619732244848	0.0009696839720257867	-0.00475784	0.1128956		-3.9539699999999995	0.00962496	0.50	25000	10	10
0.005	0.000295306699183336	4.089927528078553e-05	-0.00417444	0.00528136		-3.23234	0.00017537800000000001	0.50	25000	10	6
0.025	0.04503707374109091	0.0005149233122242346	0.008967963636363638	0.07923672727272728		-10.2672	0.04274272727272727	0.50	55000	10	6
0.015	0.018367401849555296	0.0013433368607925899	-0.0016676127272727272	0.10431618181818182		-7.13979	0.0022113818181818184	0.50	55000	10	3
0.015	0.040147475982764184	0.0063352504283492326	-0.00417632	0.2136556		-6.61267	-0.001473784	0.50	25000	10	7
0.025	0.06688921491680001	0.00048748458831287796	0.041423999999999996	0.1206584		-8.84605	0.05651	0.50	25000	10	3
0.005	9.086164231657895e-05	6.424605167219587e-06	-0.002055381818181818	0.0028573454545454545		-3.3077199999999998	0.00011512054545454546	0.50	55000	10	8
0.005	0.0011956079771774219	9.135463015633063e-05	-0.0025502545454545457	0.011714327272727273		-5.4023	0.00034567636363636364	0.50	55000	10	10
0.035	0.0500286084712	0.0001803150909357404	0.02578228	0.0711048		-8.12001	0.0585684	0.50	25000	10	2
0.035	0.04840533995199999	0.0004033363328920877	0.01017416	0.082		-8.06754	0.0504772	0.50	25000	10	1
0.035	0.04918425015549057	0.0007208445992479953	5.2361199999999994e-06	0.08591399999999999		-10.1771	0.0461588	0.50	25000	10	4
0.045	0.0495938930224	0.0005131870946782871	0.023033	0.09426799999999999		-11.5374	0.0722424	0.50	25000	10	3
0.035	0.059110373054400006	0.0005014166269177987	0.0322774	0.11081120000000001		-8.041780000000001	0.08721	0.50	25000	10	3
0.045	0.027059894242909093	0.00011088853137057512	0.013637254545454546	0.05039181818181818		-9.75077	0.04663054545454545	0.50	55000	10	2
0.035	0.04089632057890909	0.00045615256859722516	0.015315509090909092	0.09262418181818181		-9.34246	0.059652363636363635	0.50	55000	10	2
0.045	0.01973496863127273	4.340353868758214e-05	0.008091054545454546	0.02978581818181818		-10.238999999999999	0.028007636363636366	0.50	55000	10	3
0.035	0.075389611432	0.00022539978738255135	0.050436	0.10555		-6.4621699999999995	0.0652072	0.50	25000	10	5
0.045	0.022903344725454543	6.353970388274254e-05	0.0099562	0.036432181818181815		-12.0463	0.030547818181818183	0.50	55000	10	8
0.045	0.0256621411456	8.102236338645162e-05	0.012905	0.046942399999999995		-11.364	0.03425192	0.50	25000	10	8
0.035	0.061353193990400005	0.0002689175820881842	0.0410364	0.09740879999999999		-7.377039999999999	0.07204680000000001	0.50	25000	10	6
0.045	0.0465238858128	0.0008618232830295155	0.01679848	0.1079268		-10.1312	0.03126044	0.50	25000	10	1
0.035	0.056938629425454544	0.00048402531525319775	0.033087454545454545	0.12599563636363637		-9.83699	0.053469272727272726	0.50	55000	10	10
0.035	0.037529930281818176	0.00021413781462912315	0.017611327272727274	0.06260272727272727		-11.7344	0.03154054545454545	0.50	55000	10	4
0.045	0.031237150869818178	0.00018303564076324066	0.013549963636363637	0.05982545454545455		-9.21918	0.047355818181818186	0.50	55000	10	9
0.035	0.04981018828	0.0003116677882860109	0.024418545454545453	0.08971963636363636		-7.725639999999999	0.06244472727272728	0.50	55000	10	6
0.035	0.0481483145696	0.0005376526170592762	0.0219308	0.0904548		-8.96754	0.0798992	0.50	25000	10	10
0.035	0.041935788088	0.00016248858903167133	0.024115	0.0717004		-9.79445	0.0451184	0.50	25000	10	9
0.045	0.0259965455201536	0.000114347195696334	0.002107496	0.0459716		-9.65686	0.03918792	0.50	25000	10	5
0.035	0.04178472587168	0.0002180444353597088	0.026036479999999997	0.076568		-9.226469999999999	0.0651084	0.50	25000	10	8
0.045	0.0507033042088	0.0005590922678542317	0.014352720000000001	0.0980248		-7.49275	0.0692324	0.50	25000	10	2
0.035	0.05014825502218183	0.0003860186303682039	0.02274890909090909	0.09860018181818182		-8.30556	0.07520127272727273	0.50	55000	10	3
0.035	0.0540773025464	0.00037669730673681027	0.0128816	0.08100840000000001		-7.632860000000001	0.061808800000000004	0.50	25000	10	7
0.045	0.024786256943636367	5.259840146200924e-05	0.01576932727272727	0.04342		-9.363480000000001	0.042544727272727276	0.50	55000	10	7
0.045	0.0353447893696	0.00024323203830308956	0.01269576	0.065448		-8.06744	0.051218	0.50	25000	10	4
0.045	0.046051348310545456	0.0009679163117716089	0.018993454545454546	0.17427054545454543		-10.7167	0.040798909090909094	0.50	55000	10	1
0.045	0.049815273323999994	0.0003193586158261843	0.02193056	0.087864		-9.375119999999999	0.048503599999999994	0.50	25000	10	6
0.045	0.021228401670944506	9.524275298658314e-05	0.0011014890909090908	0.03389018181818182		-8.10765	0.030772545454545455	0.50	55000	10	4
0.035	0.04119008824727272	6.0214103744697894e-05	0.02749272727272727	0.053316		-10.0255	0.051267272727272724	0.50	55000	10	5
0.045	0.03110392837152	0.0002879063039785624	0.013582879999999999	0.0705124		-8.92192	0.0423792	0.50	25000	10	9
0.045	0.03528250235527273	0.00012023594395506254	0.015917418181818185	0.0505369090909091		-9.00944	0.04841927272727273	0.50	55000	10	6
0.035	0.04776586118909091	0.00013336104911372505	0.03219727272727273	0.06717145454545455		-10.2856	0.051041636363636365	0.50	55000	10	9
0.045	0.02886837800872727	2.300334689659164e-05	0.02133672727272727	0.03854490909090909		-8.56063	0.02889272727272727	0.50	55000	10	10
0.035	0.04870999841454545	0.00034823105055914954	0.02983290909090909	0.09020381818181818		-9.6356	0.05908472727272727	0.50	55000	10	8
0.035	0.04485757722909091	0.00019394624837711097	0.027434909090909093	0.07049345454545454		-10.5344	0.045942727272727274	0.50	55000	10	7
0.035	0.03994364843381818	0.00017243426340636175	0.02130981818181818	0.06290563636363636		-8.77698	0.07081890909090909	0.50	55000	10	1
0.045	0.06032989459636364	0.0028112589861331192	0.023097818181818185	0.17070018181818183		-8.74244	0.047817454545454545	0.50	55000	10	5
0.045	0.0477823088424	0.00039113059850157805	0.0204458	0.09179799999999999		-7.61337	0.058816	0.50	25000	10	10
0.045	0.0263327317696	2.744995079782706e-05	0.018625279999999998	0.041996000000000006		-9.15868	0.0324648	0.50	25000	10	7
