s-generated	s-infered	s-var	low-CI	high-CI	maxLNL	s-LNL	h	Ne	sample	rep-id
0.005	0.00017316001760706072	4.128145114419174e-05	-0.00498252	0.00513464		-2.3689	0.0003842504	0.50	25000	20	3
0.005	0.001166617298262228	7.957406821527716e-05	-0.00474824	0.02374024		-3.68895	0.00437344	0.50	25000	5	9
0.005	-0.00013602306166285923	2.5054620751859743e-05	-0.005508160000000001	0.004974119999999999		-4.71486	-0.000605316	0.50	25000	20	4
0.005	-0.00029889883983680413	1.788871951347275e-05	-0.006837560000000001	0.00407128		-4.4720699999999995	-6.0018e-05	0.50	25000	5	5
0.005	0.00016026935864677956	1.419707092438644e-05	-0.0024624545454545455	0.0027344545454545456		-5.56594	3.523618181818182e-05	0.50	55000	20	1
0.015	0.0004447521116706161	1.5445725108480874e-05	-0.00337418	0.00708312		-7.86618	-0.0002699688	0.50	25000	5	6
0.005	-3.375454181722098e-05	1.3128885369650202e-05	-0.00513044	0.00494304		-7.482589999999999	0.00023256079999999998	0.50	25000	20	5
0.005	0.0007182430446671573	2.531700340431018e-05	-0.0026487999999999998	0.019945818181818183		-2.79917	0.001990181818181818	0.50	55000	5	10
0.005	0.0005707276151479835	8.905787853347157e-05	-0.00470164	0.00620892		-2.97453	0.00011864360000000001	0.50	25000	5	3
0.015	0.025562423803909523	0.0010412590084826513	-0.002121732	0.09564360000000001		-10.6252	0.067606	0.50	25000	20	8
0.005	-3.553795885864332e-05	1.6859378007386635e-05	-0.00589372	0.00486652		-5.93839	0.000751212	0.50	25000	5	4
0.005	0.00016992440471891185	6.674612404841172e-05	-0.00645304	0.005457919999999999		-4.9746	0.0002423264	0.50	25000	20	1
0.005	0.0011279454767438024	8.245943762646235e-05	-0.00495524	0.018939960000000002		-3.3025800000000003	0.0029960919999999997	0.50	25000	5	6
0.005	4.602374633125585e-05	1.0100208239551987e-05	-0.004242200000000001	0.00464384		-5.12961	-0.0001003792	0.50	25000	5	7
0.015	0.01037800397663948	0.0006997480462027368	-0.002890108	0.0925968		-7.70423	-0.00014554120000000002	0.50	25000	20	9
0.015	0.013675733923761448	0.0005307121804843923	-0.001891656	0.068376		-6.58257	0.0440976	0.50	25000	5	9
0.005	0.00048682929479301594	3.9995768853473095e-05	-0.004292440000000001	0.007138760000000001		-7.47567	-0.000829672	0.50	25000	20	7
0.005	0.0009139288887024363	2.0564960114954895e-05	-0.002088927272727273	0.01865618181818182		-2.43102	-0.0006318599999999999	0.50	55000	5	2
0.005	-0.00022119931757543852	5.392670202219658e-05	-0.00562064	0.0048258		-5.8137	-0.0001328492	0.50	25000	20	2
0.005	-6.578083180017241e-05	9.063975578778265e-06	-0.002476127272727273	0.0024047272727272724		-2.5019099999999996	0.0003078472727272727	0.50	55000	5	9
0.005	-0.0011979459375725118	0.00015630753249624817	-0.0160808	0.00544736		-4.45715	0.001260212	0.50	25000	20	6
0.015	7.392484841917554e-05	1.1465872162411557e-05	-0.00456664	0.00505132		-9.8301	-0.00059664	0.50	25000	20	10
0.015	0.0034051613395670575	0.0002672625513419407	-0.003650808	0.055496000000000004		-8.34635	0.000514696	0.50	25000	20	7
0.015	0.00040970389163100186	6.790063434918342e-05	-0.0044802	0.00552888		-8.40446	0.0001801848	0.50	25000	20	3
0.005	0.00015441718445364806	2.1420752644014243e-05	-0.00453272	0.005110119999999999		-7.37748	-0.00039341079999999996	0.50	25000	20	9
0.005	0.00049913837133437	7.282578440734266e-05	-0.00510784	0.00663928		-2.37341	0.00059232	0.50	25000	5	1
0.015	0.005712339574321013	0.0005732063434239374	-0.0058052	0.094138		-4.687790000000001	-0.00460328	0.50	25000	5	2
0.015	0.0025163601023095493	0.00019771564037681703	-0.004543	0.049635200000000004		-3.15909	0.0011947799999999999	0.50	25000	5	7
0.005	8.236099931755568e-05	9.270550583727928e-06	-0.0024092545454545452	0.002644309090909091		-6.46401	-0.00011597727272727274	0.50	55000	20	2
0.005	0.00020503482633272633	3.5802731139201896e-05	-0.004853280000000001	0.00574716		-2.1656400000000002	1.923788e-05	0.50	25000	5	8
0.005	0.00038937018473337106	3.753157034505898e-05	-0.002242381818181818	0.003097872727272727		-5.011909999999999	8.956618181818183e-06	0.50	55000	20	8
0.005	-0.00020287551238401826	9.432219952976489e-06	-0.0032253454545454548	0.0021727636363636366		-6.8836	0.0010353581818181817	0.50	55000	20	6
0.005	-5.269378597417458e-05	5.188163344450398e-06	-0.002969781818181818	0.002409709090909091		-5.9212	8.107218181818182e-05	0.50	55000	5	8
0.005	4.680694125994547e-05	6.516370589369672e-06	-0.0022212181818181817	0.0024322727272727274		-7.377730000000001	0.001436010909090909	0.50	55000	20	7
0.005	0.001799282836582512	9.849992244775435e-05	-0.0023084363636363637	0.04144909090909091		-2.58344	-0.00018224545454545454	0.50	55000	5	1
0.005	0.0006851098381665889	8.833796007761068e-05	-0.0027244181818181818	0.0040425999999999995		-3.9219199999999996	0.0001657338181818182	0.50	55000	20	5
0.005	0.0005580585374214708	6.127582246438857e-05	-0.0029438545454545458	0.003437909090909091		-3.27996	0.0008382709090909091	0.50	55000	5	4
0.005	-0.00010881509063468725	1.3049973709837252e-05	-0.002643872727272727	0.0022526727272727276		-1.6929400000000001	-6.839109090909091e-05	0.50	55000	5	6
0.005	0.0004899249257585662	8.444183101065925e-05	-0.00493136	0.00626056		-3.7441	0.001159336	0.50	25000	20	8
0.005	-5.625891381217805e-05	1.4044249640222299e-05	-0.002516072727272727	0.002455781818181818		-5.4221900000000005	-0.0008451381818181818	0.50	55000	20	10
0.015	0.02327069428363091	0.0006317092374475095	-0.0017818559999999998	0.0779952		-8.26516	-0.0003404804	0.50	25000	5	4
0.005	0.00015810300846093132	6.3646575761159635e-06	-0.0020027818181818182	0.0029616545454545454		-3.59977	-0.0003875381818181818	0.50	55000	5	7
0.015	0.020183442975848703	0.0007268188449777568	-0.0016637599999999998	0.0882536		-6.622719999999999	0.00052724	0.50	25000	5	5
0.015	0.018093716376217227	0.0007477006584326703	-0.002702896	0.0832128		-2.1276900000000003	0.2691172	0.50	25000	5	10
0.015	0.00021075464885455346	1.9909837001500974e-05	-0.004828959999999999	0.006409		-9.49985	-8.85268e-05	0.50	25000	20	5
0.005	0.00038650873215918395	8.258902168350728e-05	-0.005627040000000001	0.009891239999999999		-3.9271199999999995	-0.000660484	0.50	25000	5	10
0.005	0.00047649657860515026	0.0001600063849273131	-0.003233690909090909	0.002733218181818182		-3.4778599999999997	-0.0004393054545454545	0.50	55000	20	4
0.005	0.0023191379339917743	0.00012433861707223756	-0.003857116	0.025882640000000002		-2.22517	0.000523292	0.50	25000	5	2
0.005	0.001852652649049951	9.319459018420106e-05	-0.002437418181818182	0.041222		-1.5073299999999998	-0.0007243818181818182	0.50	55000	5	5
0.005	-6.472064623496653e-05	4.94662105365996e-06	-0.0024334545454545455	0.0021050909090909093		-2.23506	-0.002493509090909091	0.50	55000	5	3
0.015	0.018563475928723934	0.0010602724632069883	-0.00248932	0.1029488		-5.169630000000001	0.002084316	0.50	25000	5	8
0.005	4.95331759455263e-05	3.017873997738081e-05	-0.0050798	0.0049275199999999995		-7.065239999999999	0.00036153799999999995	0.50	25000	20	10
0.015	0.019044072729333856	0.0009455642689491315	-0.002838524	0.0882724		-8.86438	0.030991440000000002	0.50	25000	20	4
0.015	0.049223428554420565	0.0010964239324231695	-0.0007859000000000001	0.10431520000000001		-9.71917	0.06289	0.50	25000	20	1
0.015	0.000528288241510712	2.136283701485058e-05	-0.0035630360000000003	0.0072388		-5.43485	-6.437479999999999e-05	0.50	25000	5	3
0.005	9.218271337684758e-05	6.093926262588485e-06	-0.002113163636363636	0.002586490909090909		-6.48045	-0.00046363999999999997	0.50	55000	20	3
0.005	4.404507004634176e-05	6.04579583385638e-06	-0.0022893272727272725	0.0025187636363636365		-7.550160000000001	4.821763636363636e-05	0.50	55000	20	9
0.015	0.018439468606379922	0.00279850243824474	-0.003226624	0.20936		-7.6152	-5.61284e-06	0.50	25000	20	2
0.015	0.0004247060622371632	2.6552864454590588e-05	-0.004610159999999999	0.00789836		-9.27758	-0.009728239999999999	0.50	25000	20	6
0.015	0.000568165737548664	6.475831795772632e-06	-0.002307652	0.0085176		-6.778739999999999	5.44504e-05	0.50	25000	5	1
0.015	0.0007358060663418002	3.621460189706018e-05	-0.002105890909090909	0.007017309090909091		-4.687819999999999	-6.127745454545454e-05	0.50	55000	5	1
0.015	0.011386203177662486	0.0005164765319058558	-0.0018019872727272727	0.06698745454545454		-3.81325	-7.125127272727272e-05	0.50	55000	5	3
0.015	0.007386435724640226	0.0006853531625595688	-0.0018451454545454543	0.10963854545454545		-1.77322	6.916618181818183e-05	0.50	55000	5	2
0.015	0.016427227929982	0.0004270277946947627	-0.0010639454545454544	0.05823290909090909		-7.0604	0.06350745454545455	0.50	55000	5	5
0.015	0.001953751860819713	5.328434406879966e-05	-0.00165628	0.029910545454545454		-6.70255	0.0003163436363636364	0.50	55000	5	4
0.015	0.009586450403906165	0.00036000426178908214	-0.0014852327272727272	0.053370545454545455		-6.00234	-8.6864e-05	0.50	55000	5	6
0.015	0.005526583625073202	0.0001204816328610798	-0.0014356781818181817	0.03237709090909091		-6.340409999999999	0.00017530236363636365	0.50	55000	5	9
0.015	0.006699688370932615	0.00019347479165081414	-0.0016619745454545456	0.03589472727272727		-6.269369999999999	-4.765218181818182e-05	0.50	55000	5	10
0.015	0.0009875041179259717	4.72459878858991e-05	-0.0017190236363636363	0.010851563636363637		-5.58376	0.00042444363636363636	0.50	55000	5	8
0.015	0.03150018710666558	0.0005008423197319145	-0.0004047181818181818	0.06646672727272727		-11.186	0.02264127272727273	0.50	55000	20	3
0.015	0.014463163333934458	0.0003727979726386	-0.0010853181818181819	0.054963090909090906		-5.95515	0.007339854545454544	0.50	55000	5	7
0.015	0.015693374059590405	0.0009651979990781097	-0.0011211836363636365	0.13729072727272726		-10.2363	0.014150654545454546	0.50	55000	20	10
0.015	0.05879425369574795	0.002166036667451711	-0.0006978345454545454	0.12264890909090909		-10.0817	0.10261218181818182	0.50	55000	20	1
0.015	0.024343257673681642	0.000968592712052069	-0.0011503581818181818	0.0871669090909091		-9.56477	0.039335272727272726	0.50	55000	20	2
0.015	0.0005236150848296822	1.437945981436698e-05	-0.001937290909090909	0.007354236363636363		-9.24128	-0.0001474018181818182	0.50	55000	20	9
0.015	0.023884196600581886	0.002302915002823932	-0.0015010218181818183	0.134578		-9.446760000000001	-0.0002536636363636364	0.50	55000	20	4
0.015	0.029516305242367466	0.00024329521218975156	-0.00035856727272727274	0.05536090909090909		-10.9753	0.04577418181818182	0.50	55000	20	7
0.015	0.0002924272550732419	1.577811823490776e-05	-0.0025461999999999998	0.0035124		-8.25993	-0.00025427454545454543	0.50	55000	20	8
0.015	0.0007289889934406025	3.240564335338499e-05	-0.0019174727272727272	0.0071722		-7.504410000000001	0.013933381818181819	0.50	55000	20	5
0.015	0.007257204716876204	0.0002026750023822891	-0.0013631581818181818	0.041404727272727274		-12.493	1.2125345454545454e-05	0.50	55000	20	6
0.025	0.0426632072696	0.00023598940685560398	0.02113388	0.07246520000000001		-8.80884	0.046491199999999996	0.50	25000	5	9
0.025	0.0407029182096	0.000134403313285587	0.02035484	0.062093199999999994		-9.920630000000001	0.0518844	0.50	25000	5	2
0.025	0.05210850190232282	0.0011169987539924107	-0.00034522640000000005	0.1182496		-8.255510000000001	0.05084520000000001	0.50	25000	5	4
0.025	0.019348293651556776	0.0002264251703852814	-0.000878092	0.04561		-7.80775	0.0348182	0.50	25000	5	5
0.025	0.02988476119750542	0.00025015706264442294	-0.0006380639999999999	0.0514028		-6.604660000000001	0.042286000000000004	0.50	25000	5	6
0.025	0.041458558795199996	0.00029290234234946886	0.018385079999999998	0.0748136		-6.1073900000000005	0.0750224	0.50	25000	5	3
0.025	0.0374974950208	7.622436047498528e-05	0.022287800000000003	0.052979200000000004		-11.4317	0.0486216	0.50	25000	20	4
0.025	0.0464368860336	6.22780970593545e-05	0.033904359999999995	0.0623464		-15.3605	0.0514468	0.50	25000	20	5
0.025	0.0426450658864	0.00014651689700277115	0.02449544	0.0756904		-8.035110000000001	0.03860716	0.50	25000	5	1
0.025	0.049214466246399996	0.0001665225080971269	0.02513776	0.0734664		-14.1003	0.052522799999999994	0.50	25000	20	7
0.025	0.0734747296352	0.0007467581656908257	0.0293476	0.12473719999999999		-10.755	0.06791760000000001	0.50	25000	20	3
0.025	0.04441819088480001	0.0002527548293390313	0.01704336	0.0730672		-12.0749	0.04815	0.50	25000	20	9
0.025	0.03159751237490909	7.796816805999144e-05	0.017133799999999998	0.047533454545454545		-7.19157	0.033768181818181815	0.50	55000	5	2
0.025	0.039249832375760005	0.0002521473925583672	0.011556199999999999	0.0657272		-13.7893	0.0514824	0.50	25000	20	2
0.025	0.028879635820894145	0.00030049918128353356	-0.0003509272727272727	0.06160709090909091		-6.957489999999999	0.038172727272727275	0.50	55000	5	8
0.025	0.0597849496056	0.00035261346126378194	0.023401079999999998	0.0969368		-8.477	0.0584888	0.50	25000	5	8
0.025	0.0273854526576	8.207286007598832e-05	0.01271996	0.0437176		-9.23335	0.0409512	0.50	25000	5	10
0.025	0.049347637519636375	0.00028658961541397934	0.02383781818181818	0.07698436363636364		-8.70604	0.04701581818181818	0.50	55000	5	6
0.025	0.020339474012204317	0.0001999470959832148	-0.000603104	0.049153999999999996		-8.76061	0.03986728	0.50	25000	5	7
0.025	0.03220473996363636	2.9049105840562032e-05	0.023755454545454545	0.042626363636363636		-13.023	0.03963036363636364	0.50	55000	20	2
0.025	0.02941538453362295	0.00027976755162449374	-0.00047181636363636365	0.05027781818181819		-6.73388	0.04168436363636364	0.50	55000	5	4
0.025	0.048404545166399984	6.443368071375168e-05	0.03367344	0.068234		-10.0451	0.0496764	0.50	25000	20	6
0.025	0.03478531055058709	0.0005193030216094015	-0.0003105090909090909	0.06740472727272728		-7.7453	0.06753254545454546	0.50	55000	5	7
0.025	0.040841158775200004	0.00012997240969444732	0.02345528	0.0620464		-12.9315	0.0510108	0.50	25000	20	8
0.025	0.0530284712528	0.0002812722664233511	0.01806276	0.0831004		-11.9968	0.0794396	0.50	25000	20	10
0.025	0.041372820328800006	8.549198579609041e-05	0.0229554	0.0590612		-12.9585	0.052426	0.50	25000	20	1
0.025	0.04680541883024102	0.0006043648583701748	-0.00028911454545454545	0.07685672727272727		-6.701689999999999	0.04237945454545455	0.50	55000	5	1
0.025	0.050195231972	0.00015300056615287705	0.023399636363636366	0.06930527272727273		-7.61252	0.04435909090909091	0.50	55000	5	9
0.025	0.0439942341890909	0.00013373120397515895	0.027820181818181817	0.06403181818181818		-7.24172	0.05287381818181818	0.50	55000	5	3
0.025	0.04262524717794026	0.0005928777340697692	-0.00019771636363636363	0.09298854545454545		-6.30757	0.050045818181818184	0.50	55000	5	5
0.025	0.04977963592252544	0.0011081347278698464	-0.0004003527272727273	0.11073218181818183		-12.6854	0.057319636363636364	0.50	55000	20	3
0.025	0.05106300566181817	0.0002529785135668171	0.02947290909090909	0.08202690909090908		-7.28595	0.06319836363636364	0.50	55000	5	10
0.025	0.04033915322181818	0.00021532128672604607	0.01848018181818182	0.06712454545454545		-12.7915	0.052488181818181816	0.50	55000	20	5
0.025	0.036358556284000004	5.702487898001178e-05	0.022542181818181815	0.04968527272727273		-12.199000000000002	0.04707490909090909	0.50	55000	20	1
0.025	0.04022675532363636	5.5454270688452374e-05	0.02921618181818182	0.05557636363636363		-10.8019	0.0398789090909091	0.50	55000	20	6
0.025	0.04508197666545454	4.233911123599361e-05	0.029962545454545457	0.056094		-9.49817	0.04952490909090909	0.50	55000	20	4
0.025	0.04142839234909092	6.887224097119764e-05	0.02534581818181818	0.05404163636363636		-12.8895	0.04138763636363637	0.50	55000	20	9
0.025	0.04021700282545455	2.271798307453615e-05	0.031069090909090907	0.050740181818181816		-11.0163	0.04872618181818182	0.50	55000	20	8
0.025	0.04509769101454545	6.423224625026025e-05	0.02929690909090909	0.057513272727272725		-11.4427	0.04141109090909091	0.50	55000	20	7
0.025	0.052509165203636354	0.0001986075772942596	0.03175563636363636	0.076862		-11.9712	0.05930090909090909	0.50	55000	20	10
0.035	0.0344407196936	7.44745710968016e-05	0.01912804	0.050324799999999996		-6.90008	0.0423904	0.50	25000	5	1
0.035	0.0350872440472	8.119809452681864e-05	0.020799120000000004	0.0508616		-7.1722399999999995	0.0422676	0.50	25000	5	4
0.035	0.0321229541456	0.00011171714838980186	0.012850519999999999	0.0507908		-7.64651	0.0448432	0.50	25000	5	5
0.035	0.040067024182400005	0.0006068559889075295	0.014555799999999999	0.09736		-7.757910000000001	0.03762724	0.50	25000	5	7
0.035	0.021321498032	4.3432280661802074e-05	0.01181968	0.0378672		-8.20618	0.029827080000000002	0.50	25000	5	8
0.035	0.0360020008944	0.0002462149079341036	0.016841079999999998	0.073374		-5.0342199999999995	0.0809244	0.50	25000	5	3
0.035	0.011037034077549888	6.458328432437833e-05	-0.000584568	0.026703759999999997		-9.336889999999999	0.02122948	0.50	25000	5	2
0.035	0.0481056211018496	0.00038941085184384885	0.01114412	0.0857104		-5.056430000000001	0.0869572	0.50	25000	5	6
0.035	0.036226546559999996	0.00012792045305579843	0.017920279999999997	0.057798800000000004		-5.46186	0.063462	0.50	25000	5	9
0.035	0.029962525107999998	0.00014275494180542055	0.01371104	0.05848		-8.43321	0.030462359999999997	0.50	25000	5	10
0.035	0.0381450130312	5.282889048989845e-05	0.024634120000000002	0.0511512		-12.7894	0.042287200000000004	0.50	25000	20	1
0.035	0.0493884888776	0.00021758548606102044	0.022261679999999995	0.07215479999999999		-9.58859	0.0588996	0.50	25000	20	3
0.035	0.0545774969632	0.00012801300674674938	0.03705808	0.0814556		-9.81387	0.0754932	0.50	25000	20	2
0.035	0.0395243761288	0.0001975875007444724	0.02149504	0.068674		-12.1712	0.057478800000000004	0.50	25000	20	7
0.035	0.04972942633119999	0.00010731895508578764	0.02938624	0.0677228		-8.16198	0.06434720000000001	0.50	25000	20	4
0.035	0.0548524787456	0.0003739194441482807	0.02153444	0.0958016		-8.29624	0.0722728	0.50	25000	20	5
0.035	0.04591910995359999	0.0005095801285983934	0.02290908	0.09757479999999999		-7.01315	0.0857828	0.50	25000	20	9
0.035	0.033680127718909096	0.00020581719031766268	0.02195181818181818	0.06612945454545455		-4.59845	0.06723763636363636	0.50	55000	5	1
0.035	0.04924602469090908	2.022480662901054e-05	0.040329636363636366	0.05787654545454546		-9.759089999999999	0.06042145454545454	0.50	55000	20	2
0.045	0.027774447493656002	7.464458589129872e-05	0.014435120000000001	0.0441296		-8.37032	0.02205028	0.50	25000	5	8
0.035	0.042702274632727265	6.727016448916517e-05	0.02977709090909091	0.06129818181818182		-5.2165300000000006	0.0669530909090909	0.50	55000	5	6
0.045	0.030541229505856075	0.0004725839633663523	-0.000512332	0.0758876		-6.72111	0.050990799999999996	0.50	25000	5	7
0.035	0.054909683301818175	4.424537313892438e-05	0.04241272727272727	0.06804345454545455		-8.98747	0.06861527272727273	0.50	55000	20	7
0.035	0.04945752212727273	0.0001278987135621013	0.036819090909090905	0.08029563636363636		-9.10215	0.05636836363636364	0.50	55000	20	3
0.045	0.049216859811200005	0.00025861117718412914	0.02595192	0.07608960000000001		-3.7721199999999997	0.06436	0.50	25000	5	9
0.035	0.06204708245120001	0.00035559964238060634	0.03482896	0.093734		-11.2195	0.0686676	0.50	25000	20	10
0.035	0.05006468398181818	0.0001354491690472503	0.02252290909090909	0.06426618181818182		-8.35913	0.06463581818181818	0.50	55000	20	6
0.035	0.05154365927636363	9.385363961682338e-05	0.036238181818181815	0.07296181818181818		-8.98025	0.07242454545454545	0.50	55000	20	5
0.035	0.049584095927272726	9.181264098703985e-05	0.03823272727272728	0.07244781818181818		-7.87458	0.07276490909090909	0.50	55000	20	4
0.035	0.045258339546399996	0.0002260563363798718	0.02183364	0.0814072		-11.3595	0.0642932	0.50	25000	20	8
0.045	0.02495122630614631	0.00027346330472017714	-0.0006889239999999999	0.051515200000000004		-6.5859	0.046472799999999995	0.50	25000	5	3
0.035	0.036749331189090906	0.00011495800732379052	0.02480309090909091	0.061169818181818186		-8.18073	0.03456672727272728	0.50	55000	5	9
0.035	0.03621105871636363	4.202894218678257e-05	0.025292909090909088	0.049559818181818184		-7.1592199999999995	0.04922581818181818	0.50	55000	5	8
0.045	0.0439531477336	0.0002686635922552114	0.025280079999999996	0.0769272		-8.67206	0.0785872	0.50	25000	20	3
0.045	0.0363374297632	0.0002596472401049746	0.015112279999999999	0.0715324		-4.85585	0.0732084	0.50	25000	5	2
0.035	0.03911587713600001	0.00010682296664009093	0.019245454545454545	0.058245454545454545		-6.882560000000001	0.04339927272727273	0.50	55000	5	2
0.035	0.023682816881641446	0.00016843070658361354	-0.00024935818181818186	0.03973109090909091		-7.32562	0.03907254545454545	0.50	55000	5	3
0.035	0.045464440890909084	9.647640786611964e-05	0.024921454545454545	0.06301163636363637		-10.77	0.04652618181818182	0.50	55000	20	1
0.045	0.040482975038399996	0.0001791453115247486	0.01742024	0.0669512		-8.92354	0.0679304	0.50	25000	20	7
0.035	0.0385758396050909	7.653208662780471e-05	0.02165018181818182	0.05131181818181818		-6.9668	0.051788545454545455	0.50	55000	5	10
0.035	0.04188203521090909	0.00010322149214568409	0.028081636363636364	0.06362618181818182		-9.652619999999999	0.05759781818181818	0.50	55000	20	9
0.045	0.0503903713112	0.00015032008119038722	0.03250272	0.0794088		-4.08081	0.0807736	0.50	25000	5	4
0.035	0.0576240128568	0.0003186417658238549	0.029279240000000005	0.0967192		-6.0909699999999996	0.09527559999999999	0.50	25000	20	6
0.045	0.024723491330758404	9.017852669758227e-05	0.00907028	0.042682		-7.66833	0.03843412	0.50	25000	5	6
0.035	0.03665467092363636	1.577162822965119e-05	0.029508545454545454	0.044062363636363636		-11.7963	0.04242872727272727	0.50	55000	20	8
0.035	0.039357453210909096	3.9780241489228003e-05	0.029584363636363638	0.05302072727272727		-6.49866	0.05398272727272728	0.50	55000	5	7
0.045	0.052448817956799995	8.466536025659085e-05	0.0374964	0.0702484		-8.36294	0.0636848	0.50	25000	20	1
0.035	0.03999799765090909	0.0001127700082803357	0.021152181818181817	0.05610309090909091		-7.379560000000001	0.04194654545454545	0.50	55000	5	5
0.035	0.036937183187272724	8.591885920398267e-05	0.021832181818181817	0.05513127272727272		-11.8258	0.04542072727272727	0.50	55000	20	10
0.045	0.0389192646785056	0.0008870245230513259	-0.000944368	0.10386959999999999		-5.24009	0.104976	0.50	25000	5	5
0.045	0.05928246199360001	0.00027684787428485457	0.037999	0.0995268		-7.07834	0.1006024	0.50	25000	20	6
0.035	0.035369419796363634	7.218385952254162e-05	0.023591272727272728	0.05336163636363636		-7.49903	0.04985581818181818	0.50	55000	5	4
0.045	0.05349695562640001	0.00016783659986920345	0.032444240000000006	0.08220319999999999		-9.09608	0.0714704	0.50	25000	20	8
0.045	0.032961456424	9.552074110369723e-05	0.0170298	0.053182799999999995		-8.128919999999999	0.045288	0.50	25000	5	1
0.045	0.053413768736799996	0.0004717158508103279	0.01726568	0.09818		-6.47783	0.0953128	0.50	25000	20	4
0.045	0.052627050715200005	0.0002501308713616924	0.028555959999999995	0.0809888		-8.1459	0.0718072	0.50	25000	20	2
0.045	0.0539917223624	0.00041589575300228797	0.0289552	0.09083719999999999		-7.86862	0.0894124	0.50	25000	20	10
0.045	0.02403127368366805	0.00024455673709773045	-0.00016814800000000002	0.05279520000000001		-7.2485100000000005	0.03862372	0.50	25000	5	10
0.045	0.0676042082944	0.0002334550522761653	0.03992632	0.0932544		-6.753089999999999	0.08397879999999999	0.50	25000	20	9
0.045	0.0585997909024	0.0006394066583012408	0.01861624	0.1080796		-10.0259	0.0634628	0.50	25000	20	5
0.045	0.04016187938545455	0.00011164541327945457	0.026009272727272728	0.06372436363636363		-6.32201	0.06098709090909091	0.50	55000	5	1
0.045	0.03682362097781818	7.194343258372872e-05	0.02110909090909091	0.05222854545454546		-6.65716	0.05642690909090909	0.50	55000	5	3
0.045	0.04148471134545454	8.74172398663777e-05	0.024438545454545452	0.05818218181818182		-5.1212800000000005	0.060358363636363634	0.50	55000	5	4
0.045	0.03186332968545454	8.535278284159434e-05	0.014549236363636366	0.046666909090909085		-6.38341	0.045896545454545454	0.50	55000	5	7
0.045	0.04402185794545454	0.00011024353097417222	0.027403818181818182	0.062918		-5.65456	0.06416963636363636	0.50	55000	5	2
0.045	0.021072264925385602	0.0002523889944224899	-0.0004826018181818182	0.04034600000000001		-8.174430000000001	0.039568727272727276	0.50	55000	5	5
0.045	0.05138617010181819	0.0001046730968283355	0.033078727272727274	0.06976781818181818		-8.03551	0.06796472727272727	0.50	55000	20	3
0.045	0.04480343414181818	8.330396229042422e-05	0.03228236363636364	0.06679854545454546		-11.8347	0.06910890909090908	0.50	55000	20	6
0.045	0.03597488949890909	0.00016422178330042543	0.010164836363636364	0.05245545454545455		-7.009989999999999	0.04769054545454546	0.50	55000	5	9
0.045	0.045123080492	0.0001681729512718701	0.022532	0.06488672727272728		-5.8231	0.055608909090909084	0.50	55000	5	10
0.045	0.06142342403636363	0.00020405345919490697	0.04159109090909091	0.09213927272727272		-6.677039999999999	0.08862145454545454	0.50	55000	20	10
0.045	0.03869645032363636	7.054504988742223e-05	0.022806545454545454	0.052600181818181824		-10.8204	0.05344890909090909	0.50	55000	20	4
0.045	0.05893815833818182	0.00010011619963596572	0.03727181818181818	0.07803272727272728		-9.30748	0.0790889090909091	0.50	55000	20	7
0.045	0.055828491858181825	8.094051695380502e-05	0.03949345454545454	0.07684727272727274		-9.80477	0.0765349090909091	0.50	55000	20	9
0.045	0.03241642644516363	0.000172034039901544	0.008148872727272728	0.049463818181818185		-6.1589	0.05229290909090909	0.50	55000	5	6
0.045	0.05522459241818182	3.0298223155214217e-05	0.04751218181818182	0.0698350909090909		-11.1079	0.04920109090909091	0.50	55000	20	5
0.045	0.04896847830909091	6.103878676178739e-05	0.033814727272727274	0.06295836363636363		-9.28665	0.06687054545454546	0.50	55000	20	8
0.045	0.0481851528	8.708873488362223e-05	0.033538181818181814	0.0663649090909091		-10.4878	0.06445672727272728	0.50	55000	20	1
0.045	0.031055515638545448	7.201738844086462e-05	0.014714672727272728	0.0449		-8.2302	0.044752545454545455	0.50	55000	5	8
0.045	0.05275531702181818	9.953488578346077e-05	0.034258000000000004	0.06819163636363636		-8.53133	0.06928509090909091	0.50	55000	20	2
