s-generated	s-infered	s-var	low-CI	high-CI	maxLNL	s-LNL	h	Ne	sample	rep-id
0.025	0.016523331489416797	0.00020304208650950533	-0.0009945745454545455	0.038602727272727275		-8.585989999999999	0.03227309090909091	0.50	55000	10	6
0.045	0.060157117360000005	0.00046974592125885483	0.034179818181818186	0.1081289090909091		-8.12245	0.057760727272727276	0.50	55000	10	4
0.025	0.053366544693090906	0.00024574867001007206	0.02724490909090909	0.08343545454545455		-5.3434800000000005	0.07201181818181818	0.50	55000	10	1
0.025	0.014843577445028663	0.00029641461976599747	-0.0014016945454545454	0.03997345454545455		-8.665460000000001	0.03958127272727272	0.50	55000	10	5
0.025	0.009411229469324198	0.00028161015191251686	-0.0016897272727272729	0.04556290909090909		-10.9989	0.01813147272727273	0.50	55000	10	4
0.045	0.059215459290909093	5.941222792458953e-05	0.045838727272727274	0.07295290909090908		-7.0860199999999995	0.07073963636363637	0.50	55000	10	10
0.025	0.007584147344879924	0.00023591553152091393	-0.001538909090909091	0.04555454545454545		-9.47816	3.635181818181818e-05	0.50	55000	10	10
0.005	0.00013957829273922914	1.5073845068728564e-05	-0.0024793272727272725	0.0026172363636363634		-1.0863399999999999	5.1058727272727275e-05	0.50	55000	10	5
0.025	0.02442184213110375	0.00029924406444750923	-0.0004990090909090909	0.07211018181818182		-9.5474	0.027214727272727272	0.50	55000	10	8
0.045	0.040274190647575564	0.00034668926749405947	9.11489090909091e-05	0.07365618181818182		-7.4494	0.0698630909090909	0.50	55000	10	1
0.005	0.0006531868943110657	4.5630344133175666e-05	-0.002270090909090909	0.005132800000000001		-5.19425	-3.5857636363636366e-05	0.50	55000	10	1
0.035	0.016767973313175668	0.0003529097733105616	-0.0009824036363636364	0.055175272727272726		-8.05545	0.05106327272727273	0.50	55000	10	3
0.005	0.00010870083372445087	8.232670731348773e-06	-0.002273072727272727	0.003044618181818182		-4.48212	0.0005855254545454545	0.50	55000	10	3
0.015	0.00035067398107556516	3.123808312639048e-05	-0.002288418181818182	0.003423963636363636		-7.333260000000001	4.674127272727273e-05	0.50	55000	10	9
0.035	0.026648514177247368	0.0002662006540147769	-0.0003629345454545455	0.05472181818181818		-11.1477	0.04447818181818182	0.50	55000	10	8
0.035	0.033978585640363636	5.678255164445286e-05	0.018666363636363637	0.04905545454545455		-8.14326	0.04836272727272727	0.50	55000	10	1
0.025	0.015176198285779971	0.0003562537834575325	-0.0011941454545454544	0.04669472727272728		-10.7887	-8.449109090909091e-05	0.50	55000	10	9
0.035	0.023947366622770545	0.00024253007562969508	-0.0005412581818181818	0.04107218181818181		-9.5042	0.045597818181818184	0.50	55000	10	2
0.045	0.05064520591127272	0.00017045733213447525	0.021100181818181817	0.06975436363636363		-8.38294	0.06830436363636364	0.50	55000	10	2
0.035	0.005361897258356196	8.934827768633061e-05	-0.0012714727272727271	0.026217454545454547		-11.3571	0.02679763636363636	0.50	55000	10	10
0.045	0.03635174253490909	0.00014196057522578525	0.020725272727272728	0.05993018181818181		-8.325389999999999	0.057927818181818184	0.50	55000	10	9
0.045	0.05007603934545455	0.00010756128495061044	0.034584363636363635	0.07135509090909091		-7.35395	0.05740072727272727	0.50	55000	10	7
0.045	0.047793879832727273	0.00010006619065298942	0.03110309090909091	0.06836981818181818		-7.47133	0.07499381818181818	0.50	55000	10	6
0.005	9.429752858334904e-05	7.3347895717968946e-06	-0.002151127272727273	0.0029500545454545454		-2.05658	-8.658654545454545e-05	0.50	55000	10	4
0.005	-4.0814290456211213e-07	6.3500927884245135e-06	-0.002393290909090909	0.0025596545454545454		-2.91586	-0.00043692363636363635	0.50	55000	10	7
0.035	0.02864692899709091	3.3630128350834045e-05	0.01828309090909091	0.039458181818181816		-9.5916	0.03786963636363636	0.50	55000	10	7
0.035	0.030158515115394628	0.00028665912054628214	-0.00038197636363636366	0.051947818181818185		-7.61724	0.04867509090909091	0.50	55000	10	9
0.035	0.027064110164912437	0.00020655827070051205	-0.0003127709090909091	0.05321145454545455		-7.895060000000001	0.03846454545454546	0.50	55000	10	6
0.045	0.04424071329890909	0.0003806393245008311	0.02028018181818182	0.07751527272727272		-6.29156	0.07722745454545454	0.50	55000	10	5
0.025	0.020298302178488905	0.00022371585419502071	-0.0006266145454545454	0.038743454545454546		-9.14503	0.03760363636363636	0.50	55000	10	2
0.025	0.036868568914920886	0.00045627032119560553	-0.00048025818181818183	0.07215781818181818		-7.21985	0.03680981818181818	0.50	55000	10	7
0.045	0.04538980465490909	0.00016979193880167285	0.023057454545454548	0.07029727272727272		-7.45015	0.05971109090909091	0.50	55000	10	8
0.005	-0.0001187587970073436	1.6122356067497883e-05	-0.002473890909090909	0.0023804727272727275		-2.77715	0.0007868454545454545	0.50	55000	10	2
0.035	0.02707932713700208	0.00032581883823429335	-0.0005642145454545454	0.04825181818181818		-9.25714	0.04326163636363636	0.50	55000	10	4
0.025	0.012507859491905228	0.00020891943184473842	-0.0010008327272727272	0.033838181818181816		-8.08832	0.03473545454545455	0.50	55000	10	3
0.015	0.010284728307156928	0.0005126456240657675	-0.0016591163636363636	0.07046745454545454		-8.36684	-0.004525818181818181	0.50	55000	10	3
0.015	0.0003973062777861064	4.935409342760769e-05	-0.0023762363636363635	0.003271418181818182		-5.96095	-0.0012987727272727274	0.50	55000	10	1
0.005	-7.765864489119998e-05	3.155976818133762e-05	-0.002971454545454546	0.002865454545454545		-1.08079	-9.674181818181818e-05	0.50	55000	10	9
0.015	0.0005603791384714605	3.1885225389941374e-05	-0.0021091272727272728	0.004658181818181818		-7.8272	0.00035512	0.50	55000	10	6
0.035	0.03451223407208099	0.0005604976510531238	-0.0006449981818181817	0.06166163636363636		-7.90713	0.059721636363636366	0.50	55000	10	5
0.015	4.475709572052002e-05	5.59861431598365e-06	-0.0022422545454545456	0.003242290909090909		-9.932160000000001	0.0008947927272727272	0.50	55000	10	5
0.015	1.4469606899416352e-05	2.810508582617985e-06	-0.0023388363636363636	0.0024071454545454545		-9.51062	4.2014181818181816e-05	0.50	55000	10	7
0.005	0.0007515977902170136	9.474965180943807e-05	-0.0023216727272727276	0.0036543636363636366		-4.8045800000000005	-0.0002898636363636364	0.50	55000	10	6
0.005	5.8339700767487236e-05	6.025346291858028e-06	-0.002315109090909091	0.0025736181818181818		-4.80165	3.2665272727272725e-06	0.50	55000	10	10
0.015	4.1174572870549076e-05	4.483017069214439e-06	-0.0020716363636363636	0.0024813272727272724		-6.62476	-0.00019176727272727273	0.50	55000	10	10
0.015	0.00028299347588370326	1.1915431939365641e-05	-0.0022935272727272727	0.0036361818181818184		-5.2652	8.874963636363637e-05	0.50	55000	10	4
0.015	9.478471307405603e-05	6.181187510802927e-06	-0.0022958545454545456	0.003050054545454545		-5.61064	3.036963636363636e-06	0.50	55000	10	2
0.005	0.0001484566704854836	1.9661308772280365e-05	-0.0023326181818181814	0.0029346727272727274		-4.40607	0.0002549981818181818	0.50	55000	10	8
0.045	0.03504413335563636	6.199995316739115e-05	0.019917272727272728	0.050032181818181816		-9.62377	0.048839818181818186	0.50	55000	10	3
0.015	0.0001363201584582497	1.4964099062326843e-05	-0.002246981818181818	0.002970818181818182		-6.35044	0.000156942	0.50	55000	10	8
