s-generated	s-infered	s-var	low-CI	high-CI	maxLNL	s-LNL	h	Ne	sample	rep-id
0.045	0.0314053808336	0.00022758961535742094	0.01029112	0.0678728		-2.79778	0.0685836	0.50	25000	10	2
0.025	0.024624531299213995	0.00044679934411441557	-0.000628524	0.068526		-4.91094	0.03994556	0.50	25000	10	1
0.035	0.038497200523519993	0.0003030012874648915	0.013109920000000002	0.08566520000000001		-3.07892	0.0589968	0.50	25000	10	1
0.015	0.00102145216137376	6.439665919037481e-05	-0.00507448	0.0168336		-3.46843	0.032283479999999996	0.50	25000	10	10
0.015	0.00010730205886948959	7.104380461217449e-06	-0.0036898919999999997	0.00462348		-5.40299	0.000942116	0.50	25000	10	3
0.025	0.018414647976520183	0.0003496569525857783	-0.000808336	0.057013999999999995		-4.70505	0.0423092	0.50	25000	10	6
0.045	0.025970626268281654	0.000473435104697682	-0.0006820919999999999	0.06382		-3.17793	0.060424	0.50	25000	10	4
0.045	0.035973680451946405	0.00032867570198093075	0.005582200000000001	0.0724736		-3.2789	0.068424	0.50	25000	10	10
0.045	0.03038507257300943	0.00030552159257001026	-0.0001877696	0.06302239999999999		-2.4121099999999998	0.071614	0.50	25000	10	9
0.035	0.04512544456119444	0.0008344889951140618	0.001934712	0.09961479999999999		-3.60987	0.0745176	0.50	25000	10	10
0.005	3.7985601597760096e-05	2.8544493214920223e-05	-0.0052378	0.005653480000000001		-1.21789	0.000509096	0.50	25000	10	1
0.005	1.9933815206540863e-05	1.642336353727754e-05	-0.00495296	0.0050585199999999995		-1.5225	-0.00017228639999999998	0.50	25000	10	10
0.005	1.4711266973944247e-05	2.270543562362375e-05	-0.00496612	0.00531512		-1.50742	0.00029711	0.50	25000	10	6
0.035	0.02424675075965379	0.0003264694246311547	-0.0006303799999999999	0.061028		-4.08994	0.03590116	0.50	25000	10	4
0.005	0.00031653077929904	3.494666722710332e-05	-0.004189559999999999	0.0062324		-1.43146	-0.000936444	0.50	25000	10	2
0.035	0.0448057804936	0.0006575034725307115	0.01682556	0.1145448		-3.5490800000000005	0.0579796	0.50	25000	10	5
0.035	0.03471990166872	0.00026592636750630034	0.00931212	0.06472119999999999		-3.80175	0.03357656	0.50	25000	10	2
0.025	0.03898858943097561	0.000851389659295886	-0.000549616	0.0952332		-4.607480000000001	0.0636592	0.50	25000	10	2
0.035	0.04727668417440001	0.0003006141854312538	0.019952	0.0764572		-3.31086	0.060405600000000004	0.50	25000	10	8
0.035	0.023272417213740553	0.00010820625934805979	0.00273336	0.0448676		-3.7948800000000005	0.0430128	0.50	25000	10	6
0.045	0.0186544136642896	7.449118103034684e-05	0.00605032	0.03685356		-3.54225	0.03095612	0.50	25000	10	3
0.025	0.024102989347609273	0.0004296860286186402	-0.00090164	0.058786000000000005		-4.49756	0.0616112	0.50	25000	10	4
0.025	0.021368079507941687	0.0007101552085659306	-0.00194274	0.06884359999999999		-4.67489	0.0643344	0.50	25000	10	10
0.045	0.0277932058906592	0.00015958426011068724	0.010546400000000001	0.0610528		-2.908	0.0383382	0.50	25000	10	8
0.025	0.03393673081345383	0.0002685850078037588	5.66932e-06	0.0681824		-4.30912	0.0638228	0.50	25000	10	7
0.005	-4.409480313822399e-05	2.8148692123964626e-05	-0.006363959999999999	0.0051787199999999995		-1.4800799999999998	4.94016e-05	0.50	25000	10	3
0.025	0.01106273959056231	0.00020942500495661298	-0.00162398	0.044728000000000004		-4.0828	0.03866956	0.50	25000	10	5
0.005	0.00013225039555883676	1.3847913075162955e-05	-0.00445916	0.00552212		-2.9226900000000002	-0.00013367320000000002	0.50	25000	10	4
0.015	0.00022094603714369773	9.455522958301089e-06	-0.003682684	0.005498200000000001		-6.01048	0.030075159999999997	0.50	25000	10	4
0.025	0.03140568040305882	0.00046624292330464066	-0.0008084	0.0705664		-4.76575	0.0511916	0.50	25000	10	9
0.015	0.00041395473699631924	3.720520961816347e-05	-0.005001319999999999	0.0072856		-3.19632	-0.00014935960000000002	0.50	25000	10	8
0.005	2.6615400581344027e-05	1.7307022037928352e-05	-0.0048426400000000005	0.00464936		-3.01151	0.0003648324	0.50	25000	10	5
0.005	-0.00026173834798665877	3.209412825419898e-05	-0.0060656799999999995	0.0047357599999999994		-1.31374	0.000462628	0.50	25000	10	8
0.015	0.00023060326300926952	5.884457035270183e-06	-0.003258128	0.00562416		-6.08404	-0.0002134784	0.50	25000	10	6
0.005	-5.773682983037428e-05	2.437204743390868e-05	-0.00534528	0.005235599999999999		-2.2446599999999997	-0.00016459920000000001	0.50	25000	10	9
0.015	0.00017048198611836234	2.1646992434778772e-05	-0.0048048000000000006	0.00623256		-3.24329	0.0014888	0.50	25000	10	1
0.035	0.03454965441782915	0.0007408960284216961	-0.000582316	0.08538879999999999		-3.64065	0.0794628	0.50	25000	10	7
0.005	2.7924190878863797e-05	2.6534239846943613e-05	-0.005402080000000001	0.0055566		-1.3680299999999999	0.0003856108	0.50	25000	10	7
0.015	0.0005377484107828808	1.024517747464933e-05	-0.002677332	0.00814408		-5.43052	-0.0002875396	0.50	25000	10	7
0.045	0.032108057667680004	0.000206352133908402	0.0134928	0.0640872		-3.6715699999999996	0.03626276	0.50	25000	10	5
0.045	0.029198180866336184	0.00042644367052087595	-0.000691776	0.0732984		-3.01261	0.0783572	0.50	25000	10	1
0.045	0.02902268279422695	0.0005342537918376856	-0.000487408	0.068814		-2.92322	0.058786000000000005	0.50	25000	10	6
0.035	0.026450498548261033	0.0006730119123325505	-0.001112116	0.07990520000000001		-2.99607	0.0822852	0.50	25000	10	9
0.045	0.0370923865952152	0.000507611706025796	0.01176844	0.08127		-3.6881699999999995	0.05564	0.50	25000	10	7
0.015	0.0008427329478453203	0.00022449405245633568	-0.005044280000000001	0.0052232400000000005		-3.7116	0.2829016	0.50	25000	10	9
0.015	0.00027489814390097277	1.0435500450711551e-05	-0.00372108	0.006048240000000001		-4.58472	-0.0033697	0.50	25000	10	2
0.035	0.032407083364639995	0.0005894105753106063	0.00963372	0.0870384		-3.07658	0.074836	0.50	25000	10	3
0.025	0.026522455533910097	0.00042394940173896736	-0.000556192	0.0635032		-3.35911	0.0483796	0.50	25000	10	3
0.015	0.0003410560790575039	1.74050259701298e-05	-0.00411132	0.00721852		-3.68226	-0.00030323679999999997	0.50	25000	10	5
0.025	0.02574553957034375	0.0006820140075453695	-0.000924876	0.0710308		-4.73805	0.0434136	0.50	25000	10	8
